2904.890553
2911.448031
2915.607041
2919.601390
2923.625766
2928.399569
2935.146539
2940.942665
2946.347290
2950.967067
2956.233643
2962.322174
2968.493960
2973.797245
2978.258692
2982.930520
2986.596780
2989.956433
2993.223740
2996.924217
3000.507070
3003.151860
3005.710372
3009.176208
3014.003589
3018.719953
3023.282631
3026.263958
3027.602845
3028.593734
3028.278673
3027.140501
3029.653106
3031.241463
3032.720731
3034.225620
3035.823770
3038.358769
3038.495987
3037.270828
3038.781697
3041.329157
3042.393200
3041.439305
3039.070152
3037.943313
3037.802188
3038.876987
3039.412155
3037.185571
3035.454114
3032.503582
3032.209933
3030.931209
3028.515215
3025.173168
3021.811246
3018.350033
3016.058071
3013.303682
3008.879819
3002.268970
2997.300578
2994.600208
2992.018698
2990.443819
2989.338784
2986.966164
2981.314595
2975.045398
2968.168713
2966.274798
2967.692822
2965.818545
2963.612542
2962.074689
2963.299749
2963.005199
2964.260205
2962.053767
2959.135961
2955.070144
2951.103675
2946.752511
2947.804135
2950.178172
2950.686523
2947.681249
2945.161029
2944.819063
2944.467504
2947.050474
2948.446987
2949.596968
2951.224992
2953.903319
2957.554360
2961.241954
2962.360180
2963.201644
2968.775075
2974.448450
2980.079885
2985.751734
2990.721626
2995.087607
3001.108792
3010.594722
3020.228152
3026.807051
3037.610337
3047.046038
3056.484421
3067.846732
3079.276720
3090.971182
3102.757515
3113.136260
3123.277414
3134.545716
3145.584749
3158.747876
3172.000167
3184.591374
3196.655253
3210.667305
3225.036534
3238.506499
3251.714864
3267.017115
3284.755059
3297.308980
3299.254040
3294.783659
3293.762455
3293.795622
3294.127987
3293.026618
3290.386527
3289.908994
3293.813262
3294.913999
3292.147112
3281.296184
3264.078965
3250.713455
3238.754940
3226.501773
3219.262891
3211.373781
3201.834508
3189.234939
3178.517911
3167.069995
3152.523452
3139.223353
3120.163937
3104.183017
3085.885924
3063.237077
3035.369605
3005.271934
2970.665688
2944.151003
2918.774647
2888.138076
2847.858091
2798.591827
2742.490392
2677.871415
2619.316144
2561.911365
2522.343631
2504.140310
2502.974676
2498.939738
2491.397368
2486.433380
2488.514626
2490.598483
2486.426527
2483.546151
2483.187788
2483.093804
2482.904017
2485.771608
2486.741965
2489.766450
2491.581604
2488.200364
2483.810344
2492.267119
2501.332071
2514.307136
2520.045116
2521.813856
2511.877932
2493.717606
2483.806458
2480.132226
2482.781606
2488.695096
2491.402936
2483.270470
2470.445915
2459.704975
2444.789610
2429.092642
2412.840983
2406.110588
2405.428797
2400.783998
2382.140784
2370.432883
2362.818016
2361.237865
2354.437931
2347.455246
2339.950479
2331.257639
2308.716612
2284.470839
2267.765872
2258.621627
2249.463430
2239.396992
2221.932685
2202.563529
2172.895636
2140.973470
2126.868745
2119.771533
2118.997270
2128.194614
2137.246723
2148.146180
2167.251912
2186.159236
2200.676612
2215.765991
2231.481260
2247.551457
2265.077842
2293.259760
2321.880394
2336.851174
2352.638742
2379.427746
2416.686916
2456.525257
2494.791370
2530.533528
2579.307938
2631.759136
2672.346469
2709.606831
2773.484629
2842.847533
2905.717733
2945.814276
3001.174337
3060.581647
3061.105384
3055.066123
3074.428347
3110.423056
3138.385094
3124.354339
3087.633307
3097.863842
3124.846675
3131.190136
3089.297079
3057.011248
2982.347298
2963.536367
2953.484272
2981.896120
2980.159611
2964.752618
2954.498926
2979.168702
2965.438641
2973.254767
3163.544286
3406.859196
3431.388198
3342.473376
3332.747354
3291.004140
3133.769800
2923.960938
