1952.109375
2312.2109375
2345.00390625
2349.53515625
2252.59375
1986.47265625
2133.3125
2199.76953125
2318.8984375
2240.36328125
2140.00390625
2141.36328125
2269.95703125
2392.3046875
2373.46484375
2514.2265625
2561.1484375
2579.46875
2530.12890625
2552.078125
2677.31640625
2692.91015625
2584.3671875
2422.1171875
2444.66796875
2472.04296875
2672.0234375
2874.9296875
2918.49609375
3074.859375
3170.7265625
2740.3984375
2851.99609375
2866.94140625
2866.125
2857.65234375
2753.98046875
3027.3125
3178.8984375
2872.98046875
2761.03515625
2926.984375
3147.12109375
3297.2421875
3159.578125
3052.30078125
2923.20703125
2980.96875
3268.47265625
3212.93359375
3334.38671875
3058.3203125
3156.8359375
3268.28125
3355.9921875
3351.875
3355.55859375
3235.30078125
3275.85546875
3431.453125
3632.65625
3465.8671875
3244.0234375
3228.21875
3130.3515625
3084.21875
3198.03515625
3491.65234375
3538.1875
3582.5234375
3129.03515625
2833.8125
3123.921875
3149.640625
3088.4140625
2849.25390625
2980.0234375
2848.5859375
3140.13671875
3195.78125
3286.00390625
3271.69921875
3297.0
2854.48046875
2749.890625
2901.4453125
3179.23828125
3136.7890625
2963.734375
2963.82421875
2738.5
2832.0859375
2852.44140625
2818.08203125
2742.1484375
2673.953125
2676.06640625
2867.30859375
2888.52734375
2551.34765625
2551.5078125
2561.78515625
2566.18359375
2622.015625
2669.75390625
2562.328125
2335.53125
2337.6171875
2553.03515625
2282.1328125
2385.15625
2396.5703125
2284.05078125
2293.58984375
2290.66796875
2298.9765625
2400.92578125
2427.8828125
2370.55078125
2397.6875
2282.21484375
2292.1875
2346.765625
2392.2265625
2292.09375
2287.31640625
2355.19140625
2385.125
2281.50390625
2162.12890625
2469.6484375
3067.0234375
3418.046875
3224.953125
3165.9375
3148.78515625
3223.4296875
3301.24609375
3184.984375
2958.3203125
3104.05859375
3298.9609375
3698.375
4000.07421875
3790.63671875
3706.16796875
3705.9453125
3451.9765625
3473.67578125
3541.27734375
3671.8671875
3570.58984375
3591.296875
3717.8125
3645.5546875
3885.3984375
3729.2578125
3812.07421875
3979.11328125
4176.78515625
4240.9375
4397.15625
4026.09765625
3951.6171875
4138.25
4493.32421875
4808.69140625
5026.94921875
5301.2734375
5002.453125
4899.8515625
4170.0
3333.8828125
2687.5859375
2792.3125
2916.140625
2817.57421875
2564.625
2567.71875
2787.33984375
2740.203125
2653.2109375
2645.1796875
2649.42578125
2550.41796875
2615.69140625
2552.140625
2594.40234375
2759.5390625
2788.63671875
2394.00390625
2384.8359375
2278.140625
2504.18359375
2625.91796875
2964.38671875
3189.28515625
2943.00390625
2762.8984375
2588.3984375
2504.24609375
2596.0390625
2883.91796875
2999.21875
2935.81640625
3032.64453125
3040.1328125
3041.203125
2798.3359375
2649.91796875
2743.96484375
3065.44921875
2892.6171875
2792.1484375
2653.69140625
2767.98828125
2767.8828125
2774.796875
2795.0234375
3073.45703125
3090.65625
2922.45703125
2762.8515625
2757.69921875
2769.5078125
2900.890625
2923.546875
3094.7578125
3112.5234375
2780.3984375
2652.5703125
2544.23828125
2383.359375
2396.375
2377.796875
2262.95703125
2284.625
2368.25390625
2374.75390625
2381.07421875
2391.81640625
2387.8671875
2262.63671875
2282.32421875
2482.10546875
2486.67578125
2368.13671875
2267.6875
2269.76171875
2321.2890625
2381.40234375
2271.89453125
2273.56640625
2436.484375
2502.4375
2277.91796875
2277.3515625
2389.99609375
2637.55078125
2539.6796875
2548.91015625
3058.61328125
3109.015625
2918.07421875
2815.0078125
2896.1796875
3190.28515625
3321.1875
3013.20703125
2924.93359375
3056.5859375
3310.03515625
3231.95703125
3404.77734375
3106.82421875
3058.0546875
2904.015625
3033.42578125
3078.4765625
3052.78515625
2949.1171875
3065.68359375
3008.265625
2646.2109375
2687.875
3187.328125
3339.1640625
3187.015625
3193.625
3207.9609375
3092.0390625
2923.9609375