1952.109375
2024.129688
2088.304531
2140.550656
2162.959275
2127.661951
2128.792061
2142.987555
2178.169732
2190.608441
2180.487534
2172.662684
2192.121553
2232.158180
2260.419513
2311.180923
2361.174426
2404.833291
2429.892414
2454.329556
2498.926926
2537.723572
2547.052295
2522.065274
2506.585813
2499.677244
2534.146483
2602.303124
2665.541718
2747.405249
2832.069512
2813.735297
2821.387456
2830.498246
2837.623597
2841.629346
2824.099571
2864.742157
2927.573413
2916.654824
2885.530890
2893.821587
2944.481489
3015.033628
3043.942528
3045.614178
3021.132749
3013.099949
3064.174491
3093.926311
3142.018393
3125.278777
3131.590209
3158.928417
3198.341171
3229.047937
3254.350068
3250.540211
3255.603262
3290.773235
3359.149838
3380.493308
3353.199334
3328.203217
3288.632886
3247.750059
3237.807078
3288.576131
3338.498405
3387.303412
3335.649761
3235.282308
3213.010222
3200.336302
3177.951854
3112.212265
3085.774499
3038.336787
3058.696773
3086.113669
3126.091716
3155.213217
3183.570573
3117.752552
3044.180167
3015.633196
3048.354213
3066.041183
3045.579821
3029.228701
2971.082961
2943.283556
2925.115126
2903.708507
2871.396493
2831.907820
2800.739537
2814.053348
2828.948147
2773.428049
2729.044002
2695.592233
2669.710505
2660.171529
2662.088004
2642.136029
2580.815073
2532.175496
2536.347428
2485.504505
2465.434854
2451.661946
2418.139713
2393.229739
2372.717385
2357.969220
2366.560533
2378.824989
2377.170147
2381.273618
2361.461863
2347.606990
2347.438717
2356.396286
2343.535779
2332.291904
2336.871805
2346.522444
2333.518736
2299.240770
2333.322304
2480.062531
2667.659399
2779.118145
2856.482016
2914.942644
2976.640052
3041.561261
3070.245884
3047.860769
3059.100334
3107.072455
3225.332964
3380.281215
3462.352316
3511.115446
3550.081420
3530.460448
3519.103515
3523.538281
3553.204062
3556.681218
3563.604350
3594.445980
3604.667721
3660.813865
3674.502654
3702.016967
3757.436230
3841.306015
3921.232312
4016.417100
4018.353211
4005.006006
4031.654805
4123.988688
4260.929231
4414.133229
4591.561271
4673.739642
4718.962026
4609.169621
4354.112259
4020.806995
3775.108096
3603.314602
3446.166525
3269.858220
3129.430326
3061.012230
2996.850409
2928.122514
2871.533949
2827.112315
2771.773446
2740.557038
2702.873756
2681.179473
2696.851391
2715.208457
2650.967547
2597.741225
2533.821105
2527.893603
2547.498476
2630.876124
2742.557931
2782.647126
2778.697388
2740.637598
2693.359297
2673.895250
2715.899794
2772.563585
2805.214149
2850.700226
2888.586743
2919.110019
2894.955203
2845.947756
2825.551174
2873.530783
2877.348064
2860.308138
2818.984792
2808.785490
2800.604954
2795.443339
2795.359358
2850.978893
2898.914364
2903.622898
2875.468631
2851.914748
2835.433361
2848.524814
2863.529226
2909.774943
2950.324642
2916.339401
2863.585584
2799.716123
2716.444773
2652.430819
2597.504030
2530.594630
2481.400704
2458.771345
2441.967857
2429.789129
2422.194585
2415.329105
2384.790628
2364.297346
2387.858971
2407.622333
2399.725210
2373.317668
2352.606478
2346.342995
2353.354865
2337.062798
2324.363520
2346.787691
2377.917653
2357.917716
2341.804485
2351.442807
2408.664402
2434.867459
2457.675998
2577.863455
2684.093889
2730.889955
2747.713526
2777.406759
2859.982438
2952.223451
2964.420167
2956.522852
2976.535469
3043.235407
3080.979732
3145.739254
3137.956247
3121.975935
3078.383873
3069.392255
3071.209116
3067.524324
3043.842897
3048.211036
3040.221954
2961.419751
2906.710801
2962.834265
3038.100225
3067.883305
3093.031644
3116.017503
3111.221815
3073.769639
