1952.109375
2127.838938
2254.465106
2333.124276
2330.127670
2192.373088
2172.150040
2189.940164
2258.036902
2261.224800
2211.863065
2179.356039
2220.787163
2306.484798
2350.445548
2444.575468
2524.005075
2578.866902
2584.336367
2593.172177
2655.171660
2697.638406
2666.693054
2563.222918
2505.560921
2481.561896
2564.296529
2716.161957
2832.242897
2978.195567
3111.776484
2978.789124
2940.948021
2919.485475
2902.083095
2884.460547
2821.005177
2913.342594
3045.769024
2978.516746
2878.022104
2893.993138
3011.899758
3159.543475
3183.332666
3141.555884
3048.036818
3014.512766
3133.045716
3180.683279
3267.922223
3185.537534
3177.940941
3225.812370
3297.452487
3338.589729
3363.316103
3316.906197
3304.217989
3370.246621
3508.638575
3512.024864
3401.354068
3320.012474
3219.722421
3134.514142
3138.744437
3288.381343
3408.490520
3505.794159
3343.588337
3093.737495
3077.856365
3084.936640
3063.799874
2937.411964
2925.227579
2858.863940
2964.328900
3063.407240
3172.631631
3234.972255
3284.958563
3097.852184
2925.754096
2891.952733
3009.916545
3067.282746
3020.062747
2990.251711
2862.250273
2828.491934
2820.522150
2802.256442
2756.883866
2698.112626
2665.618483
2742.555877
2805.436499
2682.553510
2605.844891
2565.274394
2545.597970
2564.387376
2603.234996
2578.089139
2453.242328
2377.498946
2438.777746
2349.832123
2346.982283
2354.824322
2308.366468
2286.606722
2274.722411
2274.434450
2326.870823
2375.447643
2379.086333
2394.528211
2347.661484
2322.451474
2333.514058
2363.330650
2333.557724
2312.159294
2332.032799
2359.699553
2326.620918
2247.055386
2347.193497
2703.336649
3098.332427
3245.676153
3296.080872
3304.861239
3333.181201
3376.993054
3336.957128
3190.971531
3162.220276
3235.166685
3473.177788
3766.604656
3841.697758
3835.989051
3820.792298
3677.548102
3589.949658
3563.678949
3609.129825
3587.507316
3582.652166
3640.744123
3641.796170
3758.355187
3754.651357
3789.927405
3891.383179
4049.194288
4175.868043
4325.546209
4230.944390
4125.611066
4144.023238
4325.441271
4590.344580
4857.597994
5149.674336
5174.132056
5122.329446
4718.320632
4043.850407
3301.045226
2894.881175
2722.711020
2594.148465
2417.481196
2334.377108
2415.674022
2468.325478
2478.658041
2497.130917
2524.190939
2503.888903
2531.693576
2525.831399
2548.579153
2648.334230
2728.819324
2587.791963
2493.531797
2383.603113
2427.521000
2518.860047
2744.262680
2996.403425
3031.008250
2956.612279
2816.599870
2681.669180
2639.063206
2753.050722
2882.127621
2931.227173
3005.907308
3052.604147
3077.664109
2969.817878
2824.600861
2776.842482
2904.457152
2902.086802
2850.673631
2750.042274
2742.850433
2740.507211
2744.523744
2758.836500
2905.330485
3007.085615
2987.334764
2893.608950
2829.483535
2794.349388
2837.094301
2876.383442
2985.045403
3061.727727
2945.568881
2806.590388
2665.369807
2499.809759
2406.203670
2345.030288
2258.178772
2221.923304
2248.335601
2276.104762
2303.058149
2330.230024
2349.128363
2302.539165
2284.642406
2373.212142
2433.466931
2413.781578
2351.348770
2312.437706
2313.623962
2344.826777
2311.922269
2292.163534
2359.903535
2435.635200
2373.225392
2331.754403
2360.069881
2498.961818
2538.310759
2564.699315
2826.772057
3012.984610
3029.224982
2978.886488
2977.573162
3113.199629
3256.394646
3188.529853
3093.444856
3091.107207
3209.351864
3242.416060
3342.663823
3255.616588
3171.151357
3039.444159
3018.466352
3028.774640
3024.590058
2972.921413
2998.816941
2989.485654
2808.604744
2716.763954
2907.566161
3107.782186
3161.293237
3195.982345
3221.866031
3178.363322
3065.660340
